1.jpg 1 0 0 230 230
2.jpg 1 0 0 230 230
3.jpg 1 0 0 230 230
4.jpg 1 0 0 230 230
5.jpg 1 0 0 230 230
6.jpg 1 0 0 230 230
7.jpg 1 0 0 230 230
8.jpg 1 0 0 230 230
9.jpg 1 0 0 230 230
10.jpg 1 0 0 230 230
11.jpg 1 0 0 230 230
12.jpg 1 0 0 230 230
13.jpg 1 0 0 230 230
14.jpg 1 0 0 230 230
15.jpg 1 0 0 230 230
16.jpg 1 0 0 230 230
17.jpg 1 0 0 230 230
18.jpg 1 0 0 230 230
19.jpg 1 0 0 230 230
20.jpg 1 0 0 230 230
21.jpg 1 0 0 230 230
22.jpg 1 0 0 230 230
23.jpg 1 0 0 230 230
24.jpg 1 0 0 230 230
25.jpg 1 0 0 230 230
26.jpg 1 0 0 230 230
27.jpg 1 0 0 230 230
28.jpg 1 0 0 230 230
29.jpg 1 0 0 230 230
30.jpg 1 0 0 230 230
31.jpg 1 0 0 230 230
32.jpg 1 0 0 230 230
33.jpg 1 0 0 230 230
34.jpg 1 0 0 230 230
35.jpg 1 0 0 230 230
36.jpg 1 0 0 230 230
37.jpg 1 0 0 230 230
38.jpg 1 0 0 230 230
39.jpg 1 0 0 230 230
40.jpg 1 0 0 230 230
41.jpg 1 0 0 230 230
42.jpg 1 0 0 230 230
43.jpg 1 0 0 230 230
44.jpg 1 0 0 230 230
45.jpg 1 0 0 230 230
46.jpg 1 0 0 230 230
47.jpg 1 0 0 230 230
48.jpg 1 0 0 230 230
49.jpg 1 0 0 230 230
50.jpg 1 0 0 230 230
51.jpg 1 0 0 230 230
52.jpg 1 0 0 230 230
53.jpg 1 0 0 230 230
54.jpg 1 0 0 230 230
55.jpg 1 0 0 230 230
56.jpg 1 0 0 230 230
57.jpg 1 0 0 230 230
58.jpg 1 0 0 230 230
59.jpg 1 0 0 230 230
60.jpg 1 0 0 230 230
61.jpg 1 0 0 230 230
62.jpg 1 0 0 230 230
63.jpg 1 0 0 230 230
64.jpg 1 0 0 230 230
65.jpg 1 0 0 230 230
66.jpg 1 0 0 230 230
67.jpg 1 0 0 230 230
68.jpg 1 0 0 230 230
69.jpg 1 0 0 230 230
70.jpg 1 0 0 230 230
71.jpg 1 0 0 230 230
72.jpg 1 0 0 230 230
73.jpg 1 0 0 230 230
74.jpg 1 0 0 230 230
75.jpg 1 0 0 230 230
76.jpg 1 0 0 230 230
77.jpg 1 0 0 230 230
78.jpg 1 0 0 230 230
79.jpg 1 0 0 230 230
80.jpg 1 0 0 230 230
81.jpg 1 0 0 230 230
82.jpg 1 0 0 230 230
83.jpg 1 0 0 230 230
84.jpg 1 0 0 230 230
85.jpg 1 0 0 230 230
86.jpg 1 0 0 230 230
87.jpg 1 0 0 230 230
88.jpg 1 0 0 230 230
89.jpg 1 0 0 230 230
90.jpg 1 0 0 230 230
91.jpg 1 0 0 230 230
92.jpg 1 0 0 230 230
93.jpg 1 0 0 230 230
94.jpg 1 0 0 230 230
95.jpg 1 0 0 230 230
96.jpg 1 0 0 230 230
97.jpg 1 0 0 230 230
98.jpg 1 0 0 230 230
99.jpg 1 0 0 230 230
100.jpg 1 0 0 230 230
101.jpg 1 0 0 230 230
102.jpg 1 0 0 230 230
103.jpg 1 0 0 230 230
104.jpg 1 0 0 230 230
105.jpg 1 0 0 230 230
106.jpg 1 0 0 230 230
107.jpg 1 0 0 230 230
108.jpg 1 0 0 230 230
109.jpg 1 0 0 230 230
110.jpg 1 0 0 230 230
111.jpg 1 0 0 230 230
112.jpg 1 0 0 230 230
113.jpg 1 0 0 230 230
114.jpg 1 0 0 230 230
115.jpg 1 0 0 230 230
116.jpg 1 0 0 230 230
117.jpg 1 0 0 230 230
118.jpg 1 0 0 230 230
119.jpg 1 0 0 230 230
120.jpg 1 0 0 230 230
121.jpg 1 0 0 230 230
122.jpg 1 0 0 230 230
123.jpg 1 0 0 230 230
124.jpg 1 0 0 230 230
125.jpg 1 0 0 230 230
126.jpg 1 0 0 230 230
127.jpg 1 0 0 230 230
128.jpg 1 0 0 230 230
129.jpg 1 0 0 230 230
130.jpg 1 0 0 230 230
131.jpg 1 0 0 230 230
132.jpg 1 0 0 230 230
133.jpg 1 0 0 230 230
134.jpg 1 0 0 230 230
135.jpg 1 0 0 230 230
136.jpg 1 0 0 230 230
137.jpg 1 0 0 230 230
138.jpg 1 0 0 230 230
139.jpg 1 0 0 230 230
140.jpg 1 0 0 230 230
141.jpg 1 0 0 230 230
142.jpg 1 0 0 230 230
143.jpg 1 0 0 230 230
144.jpg 1 0 0 230 230
145.jpg 1 0 0 230 230
146.jpg 1 0 0 230 230
147.jpg 1 0 0 230 230
148.jpg 1 0 0 230 230
149.jpg 1 0 0 230 230
150.jpg 1 0 0 230 230
151.jpg 1 0 0 230 230
152.jpg 1 0 0 230 230
153.jpg 1 0 0 230 230
154.jpg 1 0 0 230 230
155.jpg 1 0 0 230 230
156.jpg 1 0 0 230 230
157.jpg 1 0 0 230 230
158.jpg 1 0 0 230 230
159.jpg 1 0 0 230 230
160.jpg 1 0 0 230 230
161.jpg 1 0 0 230 230
162.jpg 1 0 0 230 230
163.jpg 1 0 0 230 230
164.jpg 1 0 0 230 230
165.jpg 1 0 0 230 230
166.jpg 1 0 0 230 230
167.jpg 1 0 0 230 230
168.jpg 1 0 0 230 230
169.jpg 1 0 0 230 230
170.jpg 1 0 0 230 230
171.jpg 1 0 0 230 230
172.jpg 1 0 0 230 230
173.jpg 1 0 0 230 230
174.jpg 1 0 0 230 230
175.jpg 1 0 0 230 230
176.jpg 1 0 0 230 230
177.jpg 1 0 0 230 230
178.jpg 1 0 0 230 230
179.jpg 1 0 0 230 230
180.jpg 1 0 0 230 230
181.jpg 1 0 0 230 230
182.jpg 1 0 0 230 230
183.jpg 1 0 0 230 230
184.jpg 1 0 0 230 230
185.jpg 1 0 0 230 230
186.jpg 1 0 0 230 230
187.jpg 1 0 0 230 230
188.jpg 1 0 0 230 230
189.jpg 1 0 0 230 230
190.jpg 1 0 0 230 230
191.jpg 1 0 0 230 230
192.jpg 1 0 0 230 230
193.jpg 1 0 0 230 230
194.jpg 1 0 0 230 230
195.jpg 1 0 0 230 230
196.jpg 1 0 0 230 230
197.jpg 1 0 0 230 230
198.jpg 1 0 0 230 230
199.jpg 1 0 0 230 230
200.jpg 1 0 0 230 230
201.jpg 1 0 0 230 230
202.jpg 1 0 0 230 230
203.jpg 1 0 0 230 230
204.jpg 1 0 0 230 230
205.jpg 1 0 0 230 230
206.jpg 1 0 0 230 230
207.jpg 1 0 0 230 230
208.jpg 1 0 0 230 230
209.jpg 1 0 0 230 230
210.jpg 1 0 0 230 230
211.jpg 1 0 0 230 230
212.jpg 1 0 0 230 230
213.jpg 1 0 0 230 230
214.jpg 1 0 0 230 230
215.jpg 1 0 0 230 230
216.jpg 1 0 0 230 230
217.jpg 1 0 0 230 230
218.jpg 1 0 0 230 230
219.jpg 1 0 0 230 230
220.jpg 1 0 0 230 230
221.jpg 1 0 0 230 230
222.jpg 1 0 0 230 230
223.jpg 1 0 0 230 230
224.jpg 1 0 0 230 230
225.jpg 1 0 0 230 230
226.jpg 1 0 0 230 230
227.jpg 1 0 0 230 230
228.jpg 1 0 0 230 230
229.jpg 1 0 0 230 230
230.jpg 1 0 0 230 230
231.jpg 1 0 0 230 230
232.jpg 1 0 0 230 230
233.jpg 1 0 0 230 230
234.jpg 1 0 0 230 230
235.jpg 1 0 0 230 230
236.jpg 1 0 0 230 230
237.jpg 1 0 0 230 230
238.jpg 1 0 0 230 230
239.jpg 1 0 0 230 230
240.jpg 1 0 0 230 230
241.jpg 1 0 0 230 230
242.jpg 1 0 0 230 230
243.jpg 1 0 0 230 230
244.jpg 1 0 0 230 230
245.jpg 1 0 0 230 230
246.jpg 1 0 0 230 230
247.jpg 1 0 0 230 230
248.jpg 1 0 0 230 230
249.jpg 1 0 0 230 230
250.jpg 1 0 0 230 230
251.jpg 1 0 0 230 230
252.jpg 1 0 0 230 230
253.jpg 1 0 0 230 230
254.jpg 1 0 0 230 230
255.jpg 1 0 0 230 230
256.jpg 1 0 0 230 230
257.jpg 1 0 0 230 230
258.jpg 1 0 0 230 230
259.jpg 1 0 0 230 230
260.jpg 1 0 0 230 230
261.jpg 1 0 0 230 230
262.jpg 1 0 0 230 230
263.jpg 1 0 0 230 230
264.jpg 1 0 0 230 230
265.jpg 1 0 0 230 230
266.jpg 1 0 0 230 230
267.jpg 1 0 0 230 230
268.jpg 1 0 0 230 230
269.jpg 1 0 0 230 230
270.jpg 1 0 0 230 230
271.jpg 1 0 0 230 230
272.jpg 1 0 0 230 230
273.jpg 1 0 0 230 230
274.jpg 1 0 0 230 230
275.jpg 1 0 0 230 230
276.jpg 1 0 0 230 230
277.jpg 1 0 0 230 230
278.jpg 1 0 0 230 230
279.jpg 1 0 0 230 230
280.jpg 1 0 0 230 230
281.jpg 1 0 0 230 230
282.jpg 1 0 0 230 230
283.jpg 1 0 0 230 230
284.jpg 1 0 0 230 230
285.jpg 1 0 0 230 230
286.jpg 1 0 0 230 230
287.jpg 1 0 0 230 230
288.jpg 1 0 0 230 230
289.jpg 1 0 0 230 230
290.jpg 1 0 0 230 230
291.jpg 1 0 0 230 230
292.jpg 1 0 0 230 230
293.jpg 1 0 0 230 230
294.jpg 1 0 0 230 230
295.jpg 1 0 0 230 230
296.jpg 1 0 0 230 230
297.jpg 1 0 0 230 230
298.jpg 1 0 0 230 230
299.jpg 1 0 0 230 230
300.jpg 1 0 0 230 230
301.jpg 1 0 0 230 230
302.jpg 1 0 0 230 230
303.jpg 1 0 0 230 230
304.jpg 1 0 0 230 230
305.jpg 1 0 0 230 230
306.jpg 1 0 0 230 230
307.jpg 1 0 0 230 230
308.jpg 1 0 0 230 230
309.jpg 1 0 0 230 230
310.jpg 1 0 0 230 230
311.jpg 1 0 0 230 230
312.jpg 1 0 0 230 230
313.jpg 1 0 0 230 230
314.jpg 1 0 0 230 230
315.jpg 1 0 0 230 230
316.jpg 1 0 0 230 230
317.jpg 1 0 0 230 230
318.jpg 1 0 0 230 230
319.jpg 1 0 0 230 230
320.jpg 1 0 0 230 230
321.jpg 1 0 0 230 230
322.jpg 1 0 0 230 230
323.jpg 1 0 0 230 230
324.jpg 1 0 0 230 230
325.jpg 1 0 0 230 230
326.jpg 1 0 0 230 230
327.jpg 1 0 0 230 230
328.jpg 1 0 0 230 230
329.jpg 1 0 0 230 230
330.jpg 1 0 0 230 230
331.jpg 1 0 0 230 230
332.jpg 1 0 0 230 230
333.jpg 1 0 0 230 230
334.jpg 1 0 0 230 230
335.jpg 1 0 0 230 230
336.jpg 1 0 0 230 230
337.jpg 1 0 0 230 230
338.jpg 1 0 0 230 230
339.jpg 1 0 0 230 230
340.jpg 1 0 0 230 230
341.jpg 1 0 0 230 230
342.jpg 1 0 0 230 230
343.jpg 1 0 0 230 230
344.jpg 1 0 0 230 230
345.jpg 1 0 0 230 230
346.jpg 1 0 0 230 230
347.jpg 1 0 0 230 230
348.jpg 1 0 0 230 230
349.jpg 1 0 0 230 230
350.jpg 1 0 0 230 230
351.jpg 1 0 0 230 230
352.jpg 1 0 0 230 230
353.jpg 1 0 0 230 230
354.jpg 1 0 0 230 230
355.jpg 1 0 0 230 230
356.jpg 1 0 0 230 230
357.jpg 1 0 0 230 230
358.jpg 1 0 0 230 230
359.jpg 1 0 0 230 230
360.jpg 1 0 0 230 230
361.jpg 1 0 0 230 230
362.jpg 1 0 0 230 230
363.jpg 1 0 0 230 230
364.jpg 1 0 0 230 230
365.jpg 1 0 0 230 230
366.jpg 1 0 0 230 230
367.jpg 1 0 0 230 230
368.jpg 1 0 0 230 230
369.jpg 1 0 0 230 230
370.jpg 1 0 0 230 230
371.jpg 1 0 0 230 230
372.jpg 1 0 0 230 230
373.jpg 1 0 0 230 230
374.jpg 1 0 0 230 230
375.jpg 1 0 0 230 230
376.jpg 1 0 0 230 230
377.jpg 1 0 0 230 230
378.jpg 1 0 0 230 230
379.jpg 1 0 0 230 230
380.jpg 1 0 0 230 230
381.jpg 1 0 0 230 230
382.jpg 1 0 0 230 230
383.jpg 1 0 0 230 230
384.jpg 1 0 0 230 230
385.jpg 1 0 0 230 230
386.jpg 1 0 0 230 230
387.jpg 1 0 0 230 230
388.jpg 1 0 0 230 230
389.jpg 1 0 0 230 230
390.jpg 1 0 0 230 230
391.jpg 1 0 0 230 230
392.jpg 1 0 0 230 230
393.jpg 1 0 0 230 230
394.jpg 1 0 0 230 230
395.jpg 1 0 0 230 230
396.jpg 1 0 0 230 230
397.jpg 1 0 0 230 230
398.jpg 1 0 0 230 230
399.jpg 1 0 0 230 230
400.jpg 1 0 0 230 230
401.jpg 1 0 0 230 230
402.jpg 1 0 0 230 230
403.jpg 1 0 0 230 230
404.jpg 1 0 0 230 230
405.jpg 1 0 0 230 230
406.jpg 1 0 0 230 230
407.jpg 1 0 0 230 230
408.jpg 1 0 0 230 230
409.jpg 1 0 0 230 230
410.jpg 1 0 0 230 230
411.jpg 1 0 0 230 230
412.jpg 1 0 0 230 230
413.jpg 1 0 0 230 230
414.jpg 1 0 0 230 230
415.jpg 1 0 0 230 230
416.jpg 1 0 0 230 230
417.jpg 1 0 0 230 230
418.jpg 1 0 0 230 230
419.jpg 1 0 0 230 230
420.jpg 1 0 0 230 230
421.jpg 1 0 0 230 230
422.jpg 1 0 0 230 230
423.jpg 1 0 0 230 230
424.jpg 1 0 0 230 230
